# Created by Octave 4.4.1, Fri Dec 14 10:33:37 2018 MSK <anton@WorkBoy.risde.ru>
# name: x
# type: matrix
# rows: 1
# columns: 128
 0 58.778525229247315 95.10565162951535 95.105651629515364 58.778525229247322 1.2246467991473532e-14 -58.7785252292473 -95.10565162951535 -95.105651629515364 -58.778525229247336 -2.4492935982947064e-14 58.778525229247293 95.10565162951535 95.105651629515364 58.778525229247336 3.6739403974420595e-14 -58.778525229247279 -95.105651629515336 -95.105651629515378 -58.77852522924735 -4.8985871965894129e-14 58.778525229247272 95.105651629515336 95.105651629515378 58.778525229247357 6.1232339957367662e-14 -58.778525229247258 -95.105651629515336 -95.105651629515378 -58.778525229247371 -7.347880794884119e-14 58.778525229247251 95.105651629515336 95.105651629515393 58.778525229247379 8.5725275940314717e-14 -58.778525229247251 -95.105651629515336 -95.105651629515393 -58.778525229247393 -9.7971743931788257e-14 58.778525229247236 95.105651629515336 95.105651629515393 58.7785252292474 1.1021821192326178e-13 -58.778525229247222 -95.105651629515322 -95.105651629515393 -58.778525229247414 -1.2246467991473532e-13 58.778525229246924 95.105651629515322 95.105651629515293 58.778525229247421 4.8998251578625896e-13 -58.778525229247201 -95.105651629515421 -95.105651629515393 -58.778525229247713 -1.4695761589768238e-13 58.778525229247478 95.105651629515307 95.105651629515521 58.778525229247435 -1.9606728399089417e-13 -58.77852522924718 -95.105651629515194 -95.105651629515407 -58.778525229247158 -1.7145055188062943e-13 58.778525229246881 95.105651629515293 95.105651629515293 58.778525229247457 5.3896838775215302e-13 -58.778525229247158 -95.105651629515407 -95.105651629515421 -58.778525229247755 -1.9594348786357651e-13 58.778525229247435 95.105651629515293 95.105651629515535 58.778525229247478 -1.4708141202500004e-13 -58.778525229247144 -95.105651629515194 -95.105651629515421 -58.778525229247201 -2.2043642384652357e-13 58.778525229246846 95.105651629515293 95.105651629515322 58.778525229247499 5.8795425971804718e-13 -58.778525229247123 -95.105651629515393 -95.105651629515435 -58.778525229247791 -2.4492935982947065e-13 58.7785252292474 95.105651629515066 95.105651629515535 58.778525229247514 -9.8095540059105928e-14 -58.778525229247677 -95.105651629515165 -95.105651629515435 -58.778525229247236 -9.7996503157251792e-13 58.778525229246803 95.105651629515279 95.105651629515336 58.778525229246959 6.3694013168394134e-13 -58.77852522924708 -95.105651629515378 -95.105651629515663 -58.778525229247833 -2.9391523179536476e-13 58.778525229247357 95.105651629515492 95.105651629515563 58.778525229247556 -4.91096680932118e-14 -58.77852522924649 -95.105651629515151


