# Created by fft_test 0.1 Fri Dec 14 10:37:18 2018 MSK <job.aermakov@gmail.com>
# name: Z3
# type: complex matrix
# rows: 1
# columns: 128
(153.884186,0.000000) (-138.457123,-139.441132) (164.381470,4.530251) (-761.473755,531.949463) (71.440842,87.721313) (277.963104,-58.613319) (87.195358,106.634521) (729.007690,-247.386154) (201.457581,43.337769) (643.694885,687.747498) (359.470337,339.418945) (450.790833,480.605682) (842.673279,1046.633667) (-2777.739990,-3973.819092) (-386.198242,-578.055603) (100.778458,-329.330322) (163.070801,49.591980) (-666.277161,-1185.346191) (-142.015900,-388.988464) (-83.073074,-226.318130) (-39.610413,-193.711624) (-25.740955,-143.277618) (-16.375679,-101.643829) (110.751556,-79.115746) (185.578247,174.808456) (-282.822327,-863.384949) (-73.784607,-506.182434) (-55.547928,-241.828552) (-90.541016,-698.425903) (163.359283,667.255737) (181.877121,205.969421) (-116.658020,-47.043888) (22.451406,-58.778511) (9.173122,75.549339) (325.853516,127.542816) (-610.539795,-175.562103) (-731.138306,-174.410309) (153.376602,8.614647) (-535.146484,-152.213562) (571.106567,163.311462) (446.354797,240.991043) (9.869209,-108.494568) (69.352097,-39.059216) (35.022789,-28.314438) (-37.874763,-42.142105) (56.888161,-9.357697) (-343.892212,-180.395096) (445.641876,227.134613) (950.445496,737.782593) (-19.491364,-156.221039) (760.723022,344.936005) (-263.097900,-239.004150) (-393.439667,-376.546387) (41.254349,-10.889099) (163.071014,119.953720) (-70.667938,-97.720947) (-542.773193,-125.593384) (99.852905,-100.806458) (125.828979,-666.060425) (52.218063,-19.357300) (378.489990,-963.012390) (-0.122986,64.111206) (-381.117706,155.110504) (40.044407,5.902466) (36.327118,0.000000) (40.044533,-5.902504) (-381.117981,-155.110321) (-0.122589,-64.111786) (378.490662,963.012695) (52.218048,19.357384) (125.829239,666.060669) (99.852753,100.806625) (-542.773499,125.593689) (-70.668152,97.721008) (163.070908,-119.954025) (41.254272,10.889069) (-393.439758,376.546051) (-263.096680,239.005127) (760.723145,-344.936096) (-19.491360,156.221146) (950.445557,-737.782898) (445.642426,-227.134766) (-343.892242,180.395325) (56.888382,9.357681) (-37.874756,42.142166) (35.022892,28.314438) (69.352150,39.059223) (9.869297,108.494652) (446.354553,-240.991196) (571.106628,-163.311584) (-535.146301,152.213745) (153.376740,-8.614662) (-731.138062,174.410706) (-610.539429,175.561829) (325.853333,-127.543121) (9.172878,-75.549522) (22.451426,58.778511) (-116.657867,47.044106) (181.877121,-205.969574) (163.359787,-667.256592) (-90.541016,698.426025) (-55.547928,241.828644) (-73.784515,506.182434) (-282.822174,863.385071) (185.578201,-174.808456) (110.751610,79.115631) (-16.375595,101.643845) (-25.740778,143.277451) (-39.610405,193.711624) (-83.072487,226.318146) (-142.015625,388.988403) (-666.276245,1185.345825) (163.070862,-49.591675) (100.778610,329.330414) (-386.197845,578.055786) (-2777.738037,3973.819580) (842.672607,-1046.633911) (450.790588,-480.605835) (359.470123,-339.418945) (643.694214,-687.747314) (201.457367,-43.337921) (729.007446,247.385864) (87.195343,-106.634735) (277.962891,58.613281) (71.440781,-87.721497) (-761.472778,-531.948914) (164.381378,-4.530281) (-138.456833,139.441376) 