# Created by Octave 4.4.1, Fri Dec 14 10:33:44 2018 MSK <anton@WorkBoy.risde.ru>
# name: Z
# type: complex matrix
# rows: 1
# columns: 128
 (153.88417685876144,0) (154.55907309229988,12.294896628017025) (156.6344629167904,25.036519183194443) (160.27227306721846,38.729282051234804) (165.77884695123993,54.009365264613265) (173.67507836202878,71.760068059092603) (184.8366434207332,93.317637145824222) (200.78552680734316,120.88145025343488) (224.35094767457747,158.43005819574131) (261.37813363777582,214.07771689241864) (326.10277936293841,307.47508923837211) (464.44478790355151,501.87286813783101) (952.0122113546347,1176.6527450757749) (-3448.0338375362962,-4876.0420334695855) (-516.44139422626438,-837.82536427633204) (-250.79760013210307,-469.17091435067238) (-151.7155338442945,-329.94657302929932) (-100.18302931818678,-256.32782136467358) (-68.739978810594835,-210.50309489625161) (-47.64547220609586,-179.05119757596037) (-32.572408005390542,-156.00408319540762) (-21.306108611242834,-138.3026393690501) (-12.596056133217715,-124.21603066814603) (-5.6831093186500254,-112.69079634912322) (-0.080020444921018452,-103.04861356965586) (4.5400878215832279,-94.832677560904216) (8.4045399950411053,-87.723890720344926) (11.676217623625412,-81.49245073588358) (14.4748021209298,-75.968537775849114) (16.890143722082804,-71.023849744241659) (18.990961984527935,-66.559571976973004) (20.83067411484414,-62.49830758520396) (22.451398828980722,-58.778525229247094) (23.886768425262463,-55.350652547282067) (25.163942929800463,-52.174272334706977) (26.305078185970238,-49.21607413302582) (27.328412863015394,-46.448333598765409) (28.24908478665953,-43.847767223976994) (29.079751918256989,-41.394658331358457) (29.831070286264051,-39.072182015325893) (30.512065772312468,-36.865877948462753) (31.130426170754077,-34.763234443211822) (31.692732690397563,-32.753357171945218) (32.204644979262596,-30.826702979895245) (32.671050134259445,-28.974864230243753) (33.096183551165154,-27.190392727985795) (33.483727571176871,-25.466654899370866) (33.836892481362305,-23.797711842996733) (34.158483385799009,-22.178219311774342) (34.450955682038739,-20.603343770546417) (34.716461285433667,-19.068691496488384) (34.956887290761188,-17.570248318525955) (35.173888411735561,-16.104328076261368) (35.368914268058916,-14.667528254663324) (35.543232377627362,-13.256691544053155) (35.697947544454834,-11.868872305071903) (35.834018200176217,-10.501307100055115) (35.952270150801169,-9.1513885960463099) (36.053408094781048,-7.8166422590397033) (36.138025208704164,-6.4947053499909231) (36.206611039681405,-5.1833078053997212) (36.259557895847493,-3.8802546425907565) (36.29716588623922,-2.5834095747587948) (36.3196467269373,-1.2906795556557666) (36.327126400266792,0) (36.3196467269373,1.2906795556557666) (36.29716588623922,2.5834095747587948) (36.259557895847493,3.8802546425907565) (36.206611039681405,5.1833078053997212) (36.138025208704164,6.4947053499909231) (36.053408094781048,7.8166422590397033) (35.952270150801169,9.1513885960463099) (35.834018200176217,10.501307100055115) (35.697947544454834,11.868872305071903) (35.543232377627362,13.256691544053155) (35.368914268058916,14.667528254663324) (35.173888411735561,16.104328076261368) (34.956887290761188,17.570248318525955) (34.716461285433667,19.068691496488384) (34.450955682038739,20.603343770546417) (34.158483385799009,22.178219311774342) (33.836892481362305,23.797711842996733) (33.483727571176871,25.466654899370866) (33.096183551165154,27.190392727985795) (32.671050134259445,28.974864230243753) (32.204644979262596,30.826702979895245) (31.692732690397563,32.753357171945218) (31.130426170754077,34.763234443211822) (30.512065772312468,36.865877948462753) (29.831070286264051,39.072182015325893) (29.079751918256989,41.394658331358457) (28.24908478665953,43.847767223976994) (27.328412863015394,46.448333598765409) (26.305078185970238,49.21607413302582) (25.163942929800463,52.174272334706977) (23.886768425262463,55.350652547282067) (22.451398828980722,58.778525229247094) (20.83067411484414,62.49830758520396) (18.990961984527935,66.559571976973004) (16.890143722082804,71.023849744241659) (14.4748021209298,75.968537775849114) (11.676217623625412,81.49245073588358) (8.4045399950411053,87.723890720344926) (4.5400878215832279,94.832677560904216) (-0.080020444921018452,103.04861356965586) (-5.6831093186500254,112.69079634912322) (-12.596056133217715,124.21603066814603) (-21.306108611242834,138.3026393690501) (-32.572408005390542,156.00408319540762) (-47.64547220609586,179.05119757596037) (-68.739978810594835,210.50309489625161) (-100.18302931818678,256.32782136467358) (-151.7155338442945,329.94657302929932) (-250.79760013210307,469.17091435067238) (-516.44139422626438,837.82536427633204) (-3448.0338375362962,4876.0420334695855) (952.0122113546347,-1176.6527450757749) (464.44478790355151,-501.87286813783101) (326.10277936293841,-307.47508923837211) (261.37813363777582,-214.07771689241864) (224.35094767457747,-158.43005819574131) (200.78552680734316,-120.88145025343488) (184.8366434207332,-93.317637145824222) (173.67507836202878,-71.760068059092603) (165.77884695123993,-54.009365264613265) (160.27227306721846,-38.729282051234804) (156.6344629167904,-25.036519183194443) (154.55907309229988,-12.294896628017025)


