# Created by Octave 4.4.1, Wed Nov 21 10:34:45 2018 MSK <anton@WorkBoy.risde.ru>
# name: h
# type: matrix
# rows: 1
# columns: 31
 1 0.36787944117144233 0.1353352832366127 0.049787068367863951 0.018315638888734186 0.0067379469990854687 0.0024787521766663594 0.00091188196555451657 0.00033546262790251196 0.00012340980408667962 4.5399929762484875e-05 1.6701700790245669e-05 6.144212353328214e-06 2.2603294069810559e-06 8.3152871910356851e-07 3.0590232050182605e-07 1.1253517471925921e-07 4.1399377187851701e-08 1.5229979744712642e-08 5.6027964375372728e-09 2.0611536224385599e-09 7.5825604279119149e-10 2.7894680928689283e-10 1.0261879631701903e-10 3.7751345442791022e-11 1.3887943864964039e-11 5.1090890280633316e-12 1.8795288165390861e-12 6.9144001069402131e-13 2.5436656473769268e-13 9.35762296884019e-14


