# Created by lx_conv 0.1 Wed Nov 21 16:13:15 2018 MSK <job.aermakov@gmail.com>
# name: y1
# type: matrix
# rows: 1
# columns: 111
0.976613 1.126041 0.652114 0.795202 0.587303 0.939433 0.844769 0.793884 1.028253 1.208462 1.441938 0.802866 1.185531 1.073392 0.482590 0.380633 0.499688 0.299122 0.765447 0.620514 0.969635 0.700323 0.350195 0.695490 0.875383 0.501627 0.463604 1.027530 0.978110 1.067543 1.074342 0.619659 0.292019 0.508925 1.143502 0.944932 1.318370 0.501921 0.440233 0.897950 1.173324 1.301886 1.410327 1.239192 1.316440 1.022740 0.678779 0.300117 0.681841 0.727090 0.376121 1.020703 0.993264 0.464151 0.499696 0.457601 0.372302 0.325590 0.359166 0.302664 0.693990 1.102789 0.954803 0.398205 0.902166 0.725288 0.932752 0.562575 0.420917 1.113714 1.000514 0.371501 0.554611 0.686991 0.729473 0.933765 0.438608 0.655552 0.472696 0.767652 0.409724 0.150729 0.055450 0.020399 0.007504 0.002761 0.001016 0.000374 0.000137 0.000051 0.000019 0.000007 0.000003 0.000001 0.000000 0.000000 0.000000 0.000000 0.000000 0.000000 0.000000 0.000000 0.000000 0.000000 0.000000 0.000000 0.000000 0.000000 0.000000 0.000000 0.000000 