# Created by Octave 4.4.1, Wed Nov 21 10:09:32 2018 MSK <anton@WorkBoy.risde.ru>
# name: y
# type: matrix
# rows: 1
# columns: 111
 0.97661308897139543 1.1260408184881567 0.65211373064833422 0.795201697869794 0.58730312128762208 0.93943257409691228 0.84476904353871773 0.79388416768927894 1.0282528855886759 1.2084622286142692 1.4419382829428182 0.80286547802081043 1.1855316276482226 1.0733919732060921 0.48259038891653777 0.38063354890623119 0.49968756547116433 0.29912215907649314 0.76544679175310348 0.62051454252717875 0.96963485315446662 0.70032282672681423 0.35019499711006707 0.69549026922132473 0.87538353952228842 0.50162655701909609 0.46360394518853365 1.0275304211733076 0.97811013664834401 1.0675427328902634 1.0743419666850138 0.61965910337720298 0.29201848491063437 0.50892527512913865 1.1435019249968355 0.94493248648499117 1.3183697454055276 0.50192124388590531 0.44023291561242789 0.89795012505690974 1.1733241270498578 1.3018865542174338 1.4103276841004944 1.2391917818389744 1.3164396421838003 1.022739299595673 0.67877902091174191 0.30011730547341814 0.68184088436023282 0.72709004826485057 0.37612086922764093 1.0207032461836119 0.99326411669526582 0.46415064070497997 0.49969569735002051 0.45760079995701819 0.37230207059056131 0.32558989310044584 0.3591663184139427 0.30266364014226776 0.69398990838824326 1.1027887872630062 0.95480263817847955 0.39820471613425523 0.90216568978150757 0.72528793531547353 0.93275181655370831 0.5625746159094982 0.42091743075301641 1.1137135812448113 1.000514439557425 0.37150096307007202 0.55461067150254906 0.6869907948246925 0.72947306946876433 0.93376517354339006 0.43860852466913963 0.65555155041962454 0.47269562639763263 0.76765239396102247 0.4097239804000215 0.15072902894409515 0.055450110936237501 0.020398955824096274 0.0075043564690460765 0.002760698464172645 0.0010156042082332672 0.00037361990856919818 0.00013744708316846855 5.0563956138420076e-05 1.8601439921748715e-05 6.8430873033396136e-06 2.5174311038655208e-06 9.2611112877469256e-07 3.4069724289996009e-07 1.2533548531277156e-07 4.610833475311842e-08 1.696228549772172e-08 6.2400685559133772e-09 2.2955855677727726e-09 8.4446572706641314e-10 3.1064124153424624e-10 1.1427840818530694e-10 4.2026289345463058e-11 1.5443982019428358e-11 5.6651116964965545e-12 2.0611716404502151e-12 7.549890299314488e-13 2.6073234133198868e-13 8.7947642653535908e-14 1.1914167364030217e-14


