# Created by Octave 4.4.1, Wed Nov 21 09:41:00 2018 MSK <anton@WorkBoy.risde.ru>
# name: x
# type: matrix
# rows: 1
# columns: 81
 0.97661308897139543 0.76676494107664361 0.23786646360667768 0.55530246305866038 0.29476476505670007 0.723375830039378 0.4991711131616961 0.48311100403332169 0.7361992216242883 0.83018913168098407 0.99736987360340512 0.2724060282880974 0.89017392425808395 0.6372592605357934 0.087711549655568863 0.20309846631690626 0.35966030820843714 0.11529737673064271 0.65540589903004787 0.3389224045305736 0.74136031001081493 0.34361409880799559 0.092560626974201796 0.56666072938343837 0.61952696794097151 0.17959094968895745 0.2790658477155939 0.85698006089247392 0.60010281952045075 0.7077161224159475 0.6816149426827095 0.22443078104612529 0.064058640243458351 0.40149767808849141 0.95627877918432458 0.52426163733869691 0.97074851033271248 0.016920118688800324 0.25558640889962242 0.73599748607616045 0.84298673684412362 0.87024473004539615 0.93139038606637947 0.7203612215435008 0.86056646197665643 0.53844821969316614 0.30253425891242031 0.050408458581520141 0.57143389773679665 0.47625480475858867 0.10863938859066229 0.88233611099925568 0.61776837688737329 0.098749192519482484 0.32894421902812504 0.27377302606013981 0.20396014402277468 0.18862761542462886 0.23938849048911054 0.17053373563656288 0.58264617758981563 0.84748416758654221 0.54910931539004004 0.04695245517213946 0.75567436133821875 0.3933997255146367 0.66593329622148068 0.21943439888410571 0.21395779543499199 0.95886671204008123 0.59080210966406344 0.0034322701617566674 0.41794310481370828 0.48296093092464837 0.47674327977875636 0.66540702839763388 0.09509551444066093 0.49419649147132111 0.23153168837019028 0.59375739107769621 0.127320446695737


