# Created by Octave 4.4.1, Thu Dec 13 16:54:30 2018 MSK <anton@WorkBoy.risde.ru>
# name: Z
# type: complex matrix
# rows: 1
# columns: 128
 (1.5388417685876141,0) (1.5455907309229977,0.1229489662801711) (1.566344629167904,0.25036519183194439) (1.6027227306721843,0.38729282051235042) (1.6577884695123992,0.54009365264613329) (1.7367507836202865,0.71760068059092563) (1.8483664342073323,0.93317637145824284) (2.0078552680734316,1.2088145025343477) (2.2435094767457739,1.584300581957413) (2.613781336377758,2.1407771689241866) (3.2610277936293843,3.0747508923837215) (4.6444478790355133,5.0187286813783096) (9.5201221135463499,11.766527450757749) (-34.480338375362962,-48.760420334695851) (-5.1644139422626427,-8.3782536427633207) (-2.5079760013210315,-4.6917091435067242) (-1.517155338442945,-3.2994657302929924) (-1.0018302931818688,-2.5632782136467354) (-0.68739978810594859,-2.1050309489625176) (-0.47645472206095718,-1.7905119757596015) (-0.32572408005390496,-1.5600408319540771) (-0.21306108611242691,-1.383026393690501) (-0.12596056133217659,-1.2421603066814604) (-0.05683109318650037,-1.1269079634912313) (-0.00080020444921086176,-1.0304861356965587) (0.045400878215832441,-0.94832677560904088) (0.084045399950411298,-0.87723890720344944) (0.11676217623625426,-0.81492450735883648) (0.14474802120929739,-0.75968537775849132) (0.16890143722082673,-0.71023849744241507) (0.18990961984527999,-0.66559571976973042) (0.20830674114844314,-0.62498307585203916) (0.22451398828980718,-0.58778525229247092) (0.23886768425262675,-0.55350652547282264) (0.25163942929800509,-0.52174272334706973) (0.26305078185970399,-0.49216074133026172) (0.27328412863015417,-0.46448333598765418) (0.28249084786659595,-0.43847767223977052) (0.29079751918256969,-0.41394658331358491) (0.29831070286264122,-0.39072182015325929) (0.30512065772312452,-0.36865877948462683) (0.311304261707541,-0.34763234443211799) (0.3169273269039754,-0.32753357171945208) (0.32204644979262453,-0.30826702979895182) (0.32671050134259616,-0.28974864230243735) (0.33096183551165126,-0.27190392727986001) (0.33483727571177013,-0.25466654899370922) (0.33836892481362363,-0.2379771184299686) (0.34158483385798999,-0.22178219311774328) (0.34450955682038642,-0.20603343770546445) (0.34716461285433686,-0.19068691496488377) (0.34956887290761074,-0.17570248318526538) (0.35173888411735721,-0.16104328076261165) (0.35368914268058926,-0.14667528254663464) (0.35543232377627376,-0.13256691544053156) (0.35697947544454967,-0.11868872305071854) (0.35834018200176254,-0.10501307100055057) (0.35952270150801169,-0.091513885960460395) (0.36053408094781048,-0.078166422590397078) (0.36138025208704172,-0.064947053499907925) (0.36206611039681347,-0.051833078053997422) (0.36259557895847605,-0.038802546425910911) (0.36297165886239213,-0.025834095747587521) (0.3631964672693726,-0.012906795556557958) (0.36327126400266818,0) (0.3631964672693726,0.012906795556557958) (0.36297165886239213,0.025834095747587521) (0.36259557895847605,0.038802546425910911) (0.36206611039681347,0.051833078053997422) (0.36138025208704172,0.064947053499907925) (0.36053408094781048,0.078166422590397078) (0.35952270150801169,0.091513885960460395) (0.35834018200176254,0.10501307100055057) (0.35697947544454967,0.11868872305071854) (0.35543232377627376,0.13256691544053156) (0.35368914268058926,0.14667528254663464) (0.35173888411735721,0.16104328076261165) (0.34956887290761074,0.17570248318526538) (0.34716461285433686,0.19068691496488377) (0.34450955682038642,0.20603343770546445) (0.34158483385798999,0.22178219311774328) (0.33836892481362363,0.2379771184299686) (0.33483727571177013,0.25466654899370922) (0.33096183551165126,0.27190392727986001) (0.32671050134259616,0.28974864230243735) (0.32204644979262453,0.30826702979895182) (0.3169273269039754,0.32753357171945208) (0.311304261707541,0.34763234443211799) (0.30512065772312452,0.36865877948462683) (0.29831070286264122,0.39072182015325929) (0.29079751918256969,0.41394658331358491) (0.28249084786659595,0.43847767223977052) (0.27328412863015417,0.46448333598765418) (0.26305078185970399,0.49216074133026172) (0.25163942929800509,0.52174272334706973) (0.23886768425262675,0.55350652547282264) (0.22451398828980718,0.58778525229247092) (0.20830674114844314,0.62498307585203916) (0.18990961984527999,0.66559571976973042) (0.16890143722082673,0.71023849744241507) (0.14474802120929739,0.75968537775849132) (0.11676217623625426,0.81492450735883648) (0.084045399950411298,0.87723890720344944) (0.045400878215832441,0.94832677560904088) (-0.00080020444921086176,1.0304861356965587) (-0.05683109318650037,1.1269079634912313) (-0.12596056133217659,1.2421603066814604) (-0.21306108611242691,1.383026393690501) (-0.32572408005390496,1.5600408319540771) (-0.47645472206095718,1.7905119757596015) (-0.68739978810594859,2.1050309489625176) (-1.0018302931818688,2.5632782136467354) (-1.517155338442945,3.2994657302929924) (-2.5079760013210315,4.6917091435067242) (-5.1644139422626427,8.3782536427633207) (-34.480338375362962,48.760420334695851) (9.5201221135463499,-11.766527450757749) (4.6444478790355133,-5.0187286813783096) (3.2610277936293843,-3.0747508923837215) (2.613781336377758,-2.1407771689241866) (2.2435094767457739,-1.584300581957413) (2.0078552680734316,-1.2088145025343477) (1.8483664342073323,-0.93317637145824284) (1.7367507836202865,-0.71760068059092563) (1.6577884695123992,-0.54009365264613329) (1.6027227306721843,-0.38729282051235042) (1.566344629167904,-0.25036519183194439) (1.5455907309229977,-0.1229489662801711)


