# Created by fft_test 0.8 Fri Dec 14 15:29:14 2018 MSK <job.aermakov@gmail.com>
# name: Z2
# type: complex matrix
# rows: 1
# columns: 128
(1.5388417685876141,0.0000000000000000) (1.5455907309229973,0.1229489662801704) (1.5663446291679035,0.2503651918319437) (1.6027227306721854,0.3872928205123473) (1.6577884695123988,0.5400936526461318) (1.7367507836202898,0.7176006805909285) (1.8483664342073329,0.9331763714582431) (2.0078552680734321,1.2088145025343473) (2.2435094767457744,1.5843005819574127) (2.6137813363777571,2.1407771689241848) (3.2610277936293834,3.0747508923837215) (4.6444478790355141,5.0187286813783087) (9.5201221135463499,11.7665274507577493) (-34.4803383753629618,-48.7604203346958656) (-5.1644139422626427,-8.3782536427633225) (-2.5079760013210297,-4.6917091435067251) (-1.5171553384429455,-3.2994657302929946) (-1.0018302931818694,-2.5632782136467371) (-0.6873997881059474,-2.1050309489625194) (-0.4764547220609568,-1.7905119757596173) (-0.3257240800539049,-1.5600408319540726) (-0.2130610861124294,-1.3830263936905021) (-0.1259605613321770,-1.2421603066814602) (-0.0568310931864994,-1.1269079634912318) (-0.0008002044492111,-1.0304861356965587) (0.0454008782158331,-0.9483267756090403) (0.0840453999504112,-0.8772389072034495) (0.1167621762362546,-0.8149245073588356) (0.1447480212092986,-0.7596853777584921) (0.1689014372208235,-0.7102384974424150) (0.1899096198452786,-0.6655957197697295) (0.2083067411484420,-0.6249830758520379) (0.2245139882898072,-0.5877852522924711) (0.2388676842526268,-0.5535065254728233) (0.2516394292980051,-0.5217427233470703) (0.2630507818597014,-0.4921607413302599) (0.2732841286301544,-0.4644833359876542) (0.2824908478665958,-0.4384776722397702) (0.2907975191825697,-0.4139465833135851) (0.2983107028626405,-0.3907218201532579) (0.3051206577231242,-0.3686587794846272) (0.3113042617075396,-0.3476323444321183) (0.3169273269039752,-0.3275335717194526) (0.3220464497926238,-0.3082670297989532) (0.3267105013425925,-0.2897486423024394) (0.3309618355116579,-0.2719039272798565) (0.3348372757117717,-0.2546665489937092) (0.3383689248136239,-0.2379771184299686) (0.3415848338579917,-0.2217821931177437) (0.3445095568203891,-0.2060334377054658) (0.3471646128543395,-0.1906869149648864) (0.3495688729076321,-0.1757024831852831) (0.3517388841173528,-0.1610432807626090) (0.3536891426805875,-0.1466752825466333) (0.3554323237762731,-0.1325669154405307) (0.3569794754445499,-0.1186887230507179) (0.3583401820017620,-0.1050130710005500) (0.3595227015080107,-0.0915138859604601) (0.3605340809478105,-0.0781664225903961) (0.3613802520870416,-0.0649470534999075) (0.3620661103968144,-0.0518330780539963) (0.3625955789584768,-0.0388025464259129) (0.3629716588623916,-0.0258340957475872) (0.3631964672693722,-0.0129067955565579) (0.3632712640026682,0.0000000000000000) (0.3631964672693730,0.0129067955565581) (0.3629716588623918,0.0258340957475880) (0.3625955789584766,0.0388025464259096) (0.3620661103968135,0.0518330780539973) (0.3613802520870437,0.0649470534999095) (0.3605340809478108,0.0781664225903966) (0.3595227015080119,0.0915138859604611) (0.3583401820017622,0.1050130710005505) (0.3569794754445494,0.1186887230507183) (0.3554323237762733,0.1325669154405313) (0.3536891426805879,0.1466752825466342) (0.3517388841173572,0.1610432807626117) (0.3495688729076143,0.1757024831852725) (0.3471646128543360,0.1906869149648847) (0.3445095568203871,0.2060334377054653) (0.3415848338579907,0.2217821931177433) (0.3383689248136236,0.2379771184299688) (0.3348372757117716,0.2546665489937094) (0.3309618355116615,0.2719039272798545) (0.3267105013425907,0.2897486423024374) (0.3220464497926244,0.3082670297989524) (0.3169273269039741,0.3275335717194523) (0.3113042617075396,0.3476323444321183) (0.3051206577231234,0.3686587794846271) (0.2983107028626395,0.3907218201532603) (0.2907975191825692,0.4139465833135850) (0.2824908478665947,0.4384776722397711) (0.2732841286301538,0.4644833359876553) (0.2630507818596993,0.4921607413302604) (0.2516394292980043,0.5217427233470693) (0.2388676842526250,0.5535065254728241) (0.2245139882898072,0.5877852522924711) (0.2083067411484431,0.6249830758520394) (0.1899096198452799,0.6655957197697310) (0.1689014372208259,0.7102384974424177) (0.1447480212092981,0.7596853777584920) (0.1167621762362549,0.8149245073588375) (0.0840453999504112,0.8772389072034499) (0.0454008782158334,0.9483267756090428) (-0.0008002044492110,1.0304861356965589) (-0.0568310931865000,1.1269079634912320) (-0.1259605613321770,1.2421603066814599) (-0.2130610861124302,1.3830263936904987) (-0.3257240800539049,1.5600408319540746) (-0.4764547220609638,1.7905119757596122) (-0.6873997881059493,2.1050309489625203) (-1.0018302931818734,2.5632782136467416) (-1.5171553384429468,3.2994657302929951) (-2.5079760013210350,4.6917091435067277) (-5.1644139422626480,8.3782536427633225) (-34.4803383753629973,48.7604203346958798) (9.5201221135463534,-11.7665274507577564) (4.6444478790355195,-5.0187286813783132) (3.2610277936293866,-3.0747508923837237) (2.6137813363777624,-2.1407771689241901) (2.2435094767457757,-1.5843005819574132) (2.0078552680734312,-1.2088145025343477) (1.8483664342073336,-0.9331763714582421) (1.7367507836202885,-0.7176006805909256) (1.6577884695124001,-0.5400936526461321) (1.6027227306721876,-0.3872928205123578) (1.5663446291679062,-0.2503651918319454) (1.5455907309230010,-0.1229489662801727) 