# Created by Octave 4.4.1, Thu Dec 13 16:54:54 2018 MSK <anton@WorkBoy.risde.ru>
# name: x
# type: matrix
# rows: 1
# columns: 128
 0 0.58778525229247314 0.95105651629515353 0.95105651629515364 0.58778525229247325 1.2246467991473532e-16 -0.58778525229247303 -0.95105651629515353 -0.95105651629515364 -0.58778525229247336 -2.4492935982947064e-16 0.58778525229247292 0.95105651629515353 0.95105651629515364 0.58778525229247336 3.6739403974420594e-16 -0.5877852522924728 -0.95105651629515342 -0.95105651629515375 -0.58778525229247347 -4.8985871965894128e-16 0.58778525229247269 0.95105651629515342 0.95105651629515375 0.58778525229247358 6.1232339957367663e-16 -0.58778525229247258 -0.95105651629515342 -0.95105651629515375 -0.58778525229247369 -7.3478807948841188e-16 0.58778525229247247 0.95105651629515331 0.95105651629515386 0.5877852522924738 8.5725275940314722e-16 -0.58778525229247247 -0.95105651629515331 -0.95105651629515386 -0.58778525229247391 -9.7971743931788257e-16 0.58778525229247236 0.95105651629515331 0.95105651629515386 0.58778525229247403 1.1021821192326179e-15 -0.58778525229247225 -0.9510565162951532 -0.95105651629515398 -0.58778525229247414 -1.2246467991473533e-15 0.58778525229246925 0.9510565162951532 0.95105651629515287 0.58778525229247425 4.8998251578625891e-15 -0.58778525229247203 -0.9510565162951542 -0.95105651629515398 -0.58778525229247713 -1.4695761589768238e-15 0.5877852522924748 0.95105651629515309 0.9510565162951552 0.58778525229247436 -1.9606728399089416e-15 -0.5877852522924718 -0.95105651629515198 -0.95105651629515409 -0.58778525229247158 -1.7145055188062944e-15 0.58778525229246881 0.95105651629515298 0.95105651629515298 0.58778525229247458 5.3896838775215305e-15 -0.58778525229247158 -0.95105651629515409 -0.9510565162951542 -0.58778525229247758 -1.9594348786357651e-15 0.58778525229247436 0.95105651629515298 0.95105651629515531 0.5877852522924748 -1.4708141202500005e-15 -0.58778525229247147 -0.95105651629515187 -0.9510565162951542 -0.58778525229247203 -2.2043642384652358e-15 0.58778525229246847 0.95105651629515287 0.9510565162951532 0.58778525229247502 5.8795425971804719e-15 -0.58778525229247125 -0.95105651629515398 -0.95105651629515431 -0.58778525229247791 -2.4492935982947065e-15 0.58778525229247403 0.95105651629515064 0.95105651629515542 0.58778525229247514 -9.8095540059105927e-16 -0.5877852522924768 -0.95105651629515164 -0.95105651629515442 -0.58778525229247236 -9.7996503157251783e-15 0.58778525229246803 0.95105651629515275 0.95105651629515331 0.58778525229246958 6.3694013168394133e-15 -0.58778525229247081 -0.95105651629515375 -0.95105651629515664 -0.58778525229247836 -2.9391523179536475e-15 0.58778525229247358 0.95105651629515486 0.95105651629515564 0.58778525229247558 -4.9109668093211799e-16 -0.58778525229246492 -0.95105651629515153


