# Created by fft_test 0.6 Fri Dec 14 13:15:38 2018 MSK <job.aermakov@gmail.com>
# name: SORT
# type: complex matrix
# rows: 1
# columns: 128
(8128.000000,0.000000) (-64.000000,2607.070968) (-64.000000,1302.749928) (-64.000000,867.626832) (-64.000000,649.802905) (-64.000000,518.898291) (-64.000000,431.452954) (-64.000000,368.841088) (-64.000000,321.749727) (-64.000000,285.004942) (-64.000000,255.502322) (-64.000000,231.266284) (-64.000000,210.979725) (-64.000000,193.730765) (-64.000000,178.868017) (-64.000000,165.913761) (-64.000000,154.509668) (-64.000000,144.381687) (-64.000000,135.316631) (-64.000000,127.146163) (-64.000000,119.735578) (-64.000000,112.975800) (-64.000000,106.777549) (-64.000000,101.067044) (-64.000000,95.782769) (-64.000000,90.873018) (-64.000000,86.294010) (-64.000000,82.008421) (-64.000000,77.984226) (-64.000000,74.193786) (-64.000000,70.613118) (-64.000000,67.221302) (-64.000000,64.000000) (-64.000000,60.933065) (-64.000000,58.006219) (-64.000000,55.206780) (-64.000000,52.523443) (-64.000000,49.946090) (-64.000000,47.465635) (-64.000000,45.073885) (-64.000000,42.763433) (-64.000000,40.527553) (-64.000000,38.360124) (-64.000000,36.255552) (-64.000000,34.208713) (-64.000000,32.214893) (-64.000000,30.269746) (-64.000000,28.369249) (-64.000000,26.509668) (-64.000000,24.687524) (-64.000000,22.899566) (-64.000000,21.142744) (-64.000000,19.414188) (-64.000000,17.711185) (-64.000000,16.031165) (-64.000000,14.371681) (-64.000000,12.730392) (-64.000000,11.105053) (-64.000000,9.493503) (-64.000000,7.893647) (-64.000000,6.303450) (-64.000000,4.720924) (-64.000000,3.144118) (-64.000000,1.571112) (-64.000000,0.000000) (-64.000000,-1.571112) (-64.000000,-3.144118) (-64.000000,-4.720924) (-64.000000,-6.303450) (-64.000000,-7.893647) (-64.000000,-9.493503) (-64.000000,-11.105053) (-64.000000,-12.730392) (-64.000000,-14.371681) (-64.000000,-16.031165) (-64.000000,-17.711185) (-64.000000,-19.414188) (-64.000000,-21.142744) (-64.000000,-22.899566) (-64.000000,-24.687524) (-64.000000,-26.509668) (-64.000000,-28.369249) (-64.000000,-30.269746) (-64.000000,-32.214893) (-64.000000,-34.208713) (-64.000000,-36.255552) (-64.000000,-38.360124) (-64.000000,-40.527553) (-64.000000,-42.763433) (-64.000000,-45.073885) (-64.000000,-47.465635) (-64.000000,-49.946090) (-64.000000,-52.523443) (-64.000000,-55.206780) (-64.000000,-58.006219) (-64.000000,-60.933065) (-64.000000,-64.000000) (-64.000000,-67.221302) (-64.000000,-70.613118) (-64.000000,-74.193786) (-64.000000,-77.984226) (-64.000000,-82.008421) (-64.000000,-86.294010) (-64.000000,-90.873018) (-64.000000,-95.782769) (-64.000000,-101.067044) (-64.000000,-106.777549) (-64.000000,-112.975800) (-64.000000,-119.735578) (-64.000000,-127.146163) (-64.000000,-135.316631) (-64.000000,-144.381687) (-64.000000,-154.509668) (-64.000000,-165.913761) (-64.000000,-178.868017) (-64.000000,-193.730765) (-64.000000,-210.979725) (-64.000000,-231.266284) (-64.000000,-255.502322) (-64.000000,-285.004942) (-64.000000,-321.749727) (-64.000000,-368.841088) (-64.000000,-431.452954) (-64.000000,-518.898291) (-64.000000,-649.802905) (-64.000000,-867.626832) (-64.000000,-1302.749928) (-64.000000,-2607.070968) 