# Created by ifft_test 0.1 Thu Dec  6 14:09:59 2018 MSK <job.aermakov@gmail.com>
# name: u012_2
# type: complex matrix
# rows: 1
# columns: 8
(0.000000,-0.000000) (1.000000,1.000000) (2.000000,0.000000) (3.000000,-0.000000) (4.000000,-0.000000) (5.000000,-0.000000) (6.000000,-0.000000) (7.000000,-0.000000) 