# Created by idft_test 0.2 Thu Nov 29 11:49:09 2018 MSK <job.aermakov@gmail.com>
# name: u2
# type: matrix
# rows: 1
# columns: 110
0.972868 1.143836 0.644253 0.815099 0.577489 0.981025 0.813284 0.842316 1.017526 1.283037 1.389039 0.816430 1.223480 1.029542 0.415289 0.438868 0.444681 0.368816 0.776016 0.647651 1.010463 0.588965 0.383690 0.787768 0.830703 0.429045 0.584862 1.105451 0.935482 1.166026 0.940397 0.549913 0.218713 0.800622 1.076402 1.087423 1.174813 0.307405 0.634300 1.014044 1.242376 1.373290 1.366504 1.261808 1.271229 0.875116 0.508945 0.356152 0.869785 0.472793 0.618571 1.182187 0.694488 0.449996 0.505782 0.420260 0.329195 0.368191 0.298701 0.476685 0.947349 1.161335 0.541526 0.661648 0.886930 0.775894 0.869868 0.277521 0.917344 1.147485 0.594843 0.369646 0.767272 0.601783 1.016119 0.522877 0.613461 0.512623 0.690209 0.583471 0.162703 0.100575 0.005119 0.026899 -0.010774 0.013505 -0.010228 0.009742 -0.008668 0.008128 -0.007636 0.007315 -0.007081 0.006936 -0.006858 0.006838 -0.006866 0.006937 -0.007044 0.007182 -0.007347 0.007534 -0.007739 0.007954 -0.008171 0.008373 -0.008532 0.008589 -0.008403 0.007546 