# Created by Octave 4.4.1, Tue Dec 04 12:05:43 2018 MSK <anton@WorkBoy.risde.ru>
# name: x012
# type: complex matrix
# rows: 1
# columns: 8
 (0,0) (1,1) (2,0) (3,0) (4,0) (5,0) (6,0) (7,0)


