# Created by Octave 4.4.1, Thu Dec 13 09:46:27 2018 MSK <anton@WorkBoy.risde.ru>
# name: x
# type: matrix
# rows: 1
# columns: 1024
 0.098410329507790689 0.17501981370856029 0.23863376337669762 0.37388702813456209 0.47433334646816372 0.4885485231896749 0.45449907729133326 0.53106454808219916 0.48047096002875306 0.42991199374216299 0.47517995949338099 0.49790103635922511 0.36719423076751778 0.38206407398464531 0.509335822593043 0.49795301869430492 0.61961045404877557 0.7075770896734408 0.62029395482247141 0.63140088560657048 0.50278542880115851 0.42389672536455003 0.49163685321618056 0.5428127748937589 0.43601955295819084 0.52156690199486366 0.46366546110859508 0.41752906183870753 0.42054577306834456 0.4010453088362031 0.34428137492083877 0.37994877985595404 0.41152031083393326 0.44143136068629224 0.56910561406235605 0.59364326790464339 0.6098517201746273 0.50846529749239322 0.48754755470836253 0.32584261921510127 0.32883066738666666 0.2825029900865712 0.27931578609648045 0.21315745587561863 0.27545370863038587 0.32967719823647085 0.46147183654692836 0.52207422236029732 0.65051073762772271 0.60404518666504237 0.65850436266637269 0.49453184472986539 0.53164511394122171 0.52373892805565725 0.52460517816472341 0.41971408275672761 0.5492885912769212 0.51987911367231388 0.51925660528209105 0.66311383910938371 0.64394097540642958 0.55775250016786382 0.64142695938641847 0.63400348124512074 0.51527625334499372 0.57298624556286071 0.69042968929712922 0.62869206107048226 0.57341933500425701 0.51768954886426866 0.51630911875841978 0.47696506945283557 0.37286640673567978 0.40847266711282648 0.54051754457688339 0.60836773989018655 0.64722771348328456 0.62069319714662907 0.56025128588776374 0.50324797383688491 0.36479413310657427 0.21275692574439081 0.22168962438290638 0.34173349593310853 0.3800617607875072 0.42490377494359477 0.53249896682818976 0.54699660804556427 0.5524660977324134 0.54876683092481537 0.48190599629775577 0.53292425924982556 0.59447049452455725 0.58712954886721902 0.59439522369784892 0.69798680985392392 0.62384864449455757 0.65169383733323283 0.64880530886165311 0.53625276755524964 0.4662926531116065 0.53184973781110023 0.4151146524917862 0.33518321988180827 0.43788379655625848 0.40371293376429601 0.29990446428337303 0.45780612246400032 0.46080222078145372 0.50548798132662809 0.60118719413783961 0.72177922596066424 0.64971976640137385 0.59473746927407189 0.53963706611687501 0.44958367058395859 0.43968574179831887 0.42253092184045488 0.4482883816657201 0.43652529361842451 0.55148846366296789 0.36994984175046125 0.46170977480451098 0.56650297927793969 0.57531656714051449 0.59666453127813734 0.72027053259445883 0.74944809042448501 0.70240401259359864 0.63764115980822988 0.52195069111174508 0.52422577798489567 0.37726109695658161 0.4565708878453798 0.55202620060160756 0.51735211659889291 0.44248493366403019 0.54119536578448069 0.52499937569631738 0.52390297075868519 0.5472593795839783 0.55261184018717102 0.45290325332891423 0.35644956038975584 0.35241196771238037 0.45555502768824385 0.40769876703118674 0.53657973703175199 0.6571279448935412 0.59830946871211144 0.47237217302260509 0.63541742775817667 0.54016218273451122 0.40175759457381216 0.45568955334300187 0.57129301849129033 0.56248177849647596 0.51602667569772609 0.51423714327901349 0.53338511756959839 0.41574740284385114 0.25130932041652432 0.26555956502135952 0.35032740926559813 0.25070281389336857 0.36104454627059313 0.44818988044312796 0.58812009713694791 0.46022014853127841 0.47998848571448155 0.41824123113710487 0.34419665936736238 0.22756625445364131 0.38896635227251641 0.39570200316383841 0.35381125842067085 0.34818749253108927 0.34665427847042724 0.32834416822245072 0.32217504136034858 0.48717186519348299 0.59460832592321222 0.62698375700855924 0.47391114495725933 0.44205403075111532 0.44349578167551185 0.36914939002528319 0.33758634463203008 0.37007878923033516 0.45036798741134959 0.28540840443344612 0.38284925847476714 0.35213381633490853 0.32047726990506697 0.3797248272411865 0.53994515395223219 0.5593945490559783 0.66052852448992772 0.70158391939296672 0.61433968556812935 0.55786704959558742 0.59335879797165014 0.6221672639215946 0.66305713224935636 0.74715058914019084 0.71707529397652037 0.62056377557078801 0.52660567248804202 0.54467292544983414 0.40841782341408334 0.50988608711118366 0.60367713627611597 0.54792729579884647 0.52777997139357991 0.59718353799193058 0.4052286883023492 0.37214417355349616 0.46772436553391949 0.57501813428838999 0.51353940723606484 0.55996522898858125 0.50073601286943592 0.46408238241723421 0.33904229446839806 0.43820470892993929 0.41668526746333667 0.42073753172951422 0.52005954138707811 0.53173172417526682 0.45031566414600505 0.59693463340644337 0.63626238552221592 0.54512638358177568 0.65663934296980675 0.62406957195378499 0.56875355483444257 0.60712537539697486 0.67060295171758577 0.68186181767602116 0.68137292548217698 0.57718557335653231 0.45725968618171875 0.46863790110631254 0.34498260449457158 0.41109614462670452 0.55040232127601363 0.63933874441606064 0.53249298588204941 0.45658395064579499 0.54575122833092893 0.53916108029908871 0.51348577763681624 0.59467779836876478 0.76277411587484301 0.62449422084215644 0.53345836793281121 0.52008163761594528 0.54335155106361344 0.48545410594370397 0.58954753068780608 0.65957599549470269 0.65031630350525549 0.50284281149508769 0.42108086846179438 0.43132410926994524 0.43923246547631678 0.50836413342991216 0.69793370024657941 0.86009437208488204 0.79267278161683485 0.7879940393526208 0.80626308445123862 0.62724413149748226 0.46947643499042863 0.41938827276761548 0.42687258931716393 0.37464950853094325 0.46389130219989949 0.59719691724422974 0.74339593318882446 0.70398439587891959 0.64714342899090482 0.64590111156633012 0.61996495011305552 0.48498484984685575 0.39892774188441349 0.39312223696601656 0.30994466481209265 0.29096111253173307 0.42616080802263656 0.44627847921912528 0.51760710854528813 0.692546256371533 0.58569749484484024 0.45762836554609237 0.58659897242703762 0.47372871909507341 0.28935955899179833 0.2950837267509771 0.29618383190749914 0.17008797512688109 0.17850533362612162 0.24343789577201791 0.26659439394657908 0.39752153043254723 0.45752223198474085 0.60151866065967119 0.5357706304154628 0.6012668244093875 0.59906929461797953 0.68839245822931627 0.6470067442563272 0.72219489251919067 0.63570157131566873 0.549497533688169 0.47062189335191712 0.5132770760218115 0.47820816076147177 0.53312571645049978 0.52870854256243471 0.45969528233959756 0.30199810735405952 0.40803021414859242 0.43296596210922683 0.49606767278843078 0.61866978928450911 0.65182255413157608 0.65278268750639867 0.73860510353350972 0.57634825338713613 0.58733178081040904 0.53306333468952216 0.56750321692529204 0.50782496709463065 0.58676614586508691 0.56287622665655535 0.58633024807396661 0.53190167640932151 0.51784877684009478 0.43965371515840784 0.38080458888698548 0.5427250409816865 0.44803425013958864 0.45236547246714731 0.62716953243182072 0.68762772974482356 0.6900339576001534 0.70037481683338743 0.59484737969425794 0.5074085991206766 0.45067602284533026 0.35815126711421735 0.43998735705568648 0.46290731434658189 0.4329321853318242 0.40876885029641208 0.31930564335973427 0.23692995176219905 0.35352510785398372 0.33205288161084751 0.35689956210445628 0.51167338289767428 0.51386487468472997 0.48731585274888767 0.50065756852931242 0.43636537151561405 0.42030758847572369 0.4992613621151073 0.478348248967219 0.47787578188788643 0.47303978469599312 0.44140557545497372 0.45804476034088981 0.43754511748666308 0.4763278475319303 0.64814154732298634 0.59077403495272751 0.49946132196783666 0.45268527613074599 0.49003770750280606 0.42081527055444712 0.51707486597583219 0.46234437727637245 0.51871499479118233 0.58742008834703074 0.54270551683175028 0.40373963695142029 0.59399681527031734 0.50054277460358854 0.31711786507691248 0.42912418808506414 0.56039857904965906 0.44662116554630371 0.56980661772607588 0.63019144076595035 