# Created by Octave 4.4.1, Wed Nov 28 17:45:23 2018 MSK <anton@WorkBoy.risde.ru>
# name: Z
# type: complex matrix
# rows: 1
# columns: 111
 (61.964817025997377,0) (-10.458536245411876,-18.464969417661862) (2.4204001913361619,-10.069830686941511) (9.3194888469259034,-5.4729508238291578) (-5.3910121684255117,-4.4128811941341066) (0.76193143003971786,-4.6506215839364922) (-2.4515765080902154,-5.0626464754392906) (-0.40278560415646925,2.2219106489016163) (0.25567579883855274,1.131678405632077) (0.52445994467016277,-2.9980956780816119) (2.3801554471270423,3.0851005110446015) (4.534140550025719,-2.9188230609153374) (-0.13842963350570381,-0.35926288625464275) (4.0819439138886882,-5.7191545617259338) (-3.6323091663919769,-1.4892446955217511) (0.72940203202160525,1.8617443961159865) (2.8429382952915243,-1.6119762074607957) (-1.1835240655525439,-2.334517088556602) (1.4378119191057204,1.0695625294294575) (2.5925103068966284,-0.27999114928947005) (-0.14616010612190061,-4.0898088411289031) (-1.432221005953668,-0.023085357229142789) (3.2011131912265531,2.228185486306443) (-0.36326520099108039,-1.8660967335584173) (2.467724450345842,-2.6792846988411405) (1.0157136555630253,2.1058806520151498) (-0.33618582951892073,-4.1853017791128577) (1.9084481762840917,1.0865413615413873) (0.86100855724484537,-2.1157215933923501) (0.32203127333940595,-2.481705605000629) (-0.85858786452977731,-0.62388345299212256) (-2.0682414398582001,-1.1822513748547339) (1.4515872100662719,2.5054414584910547) (0.53255429302272772,-0.4667490542272042) (1.5014614265206887,-0.50023258472131116) (0.34455887884360203,-1.595437411621518) (0.10203041944001989,2.5863778338201766) (3.1856965472803402,-3.1052227529239826) (-0.3003908167705085,-0.70331633639483615) (-0.85714764873686833,-1.437762808182945) (0.57727661036179723,-0.033798207830704863) (-0.72239454586115459,0.97125243787448778) (0.59336388773603987,-0.47680495611382545) (3.2510070707428778,1.2050230678715259) (-0.62639355179094802,-2.0024849983189701) (1.5793581061062663,-0.6198978967379436) (1.0819653666563254,-1.3724019785443069) (-0.99893239663430133,-1.0384829171729286) (-0.25492272417588946,-0.22468236653971618) (1.1873715099828794,-0.82229642858456253) (0.31847237982657162,-0.58827189574397276) (-2.4570265328889245,-1.346977201547443) (0.85057879139195425,0.38787939992634723) (-0.42414620701566819,0.88417908892544039) (-0.87900172774382668,-0.10731048129638299) (1.3886284368901238,1.1569549224511806) (1.3886284368901238,-1.1569549224511806) (-0.87900172774382668,0.10731048129638299) (-0.42414620701566819,-0.88417908892544039) (0.85057879139195425,-0.38787939992634723) (-2.4570265328889245,1.346977201547443) (0.31847237982657162,0.58827189574397276) (1.1873715099828794,0.82229642858456253) (-0.25492272417588946,0.22468236653971618) (-0.99893239663430133,1.0384829171729286) (1.0819653666563254,1.3724019785443069) (1.5793581061062663,0.6198978967379436) (-0.62639355179094802,2.0024849983189701) (3.2510070707428778,-1.2050230678715259) (0.59336388773603987,0.47680495611382545) (-0.72239454586115459,-0.97125243787448778) (0.57727661036179723,0.033798207830704863) (-0.85714764873686833,1.437762808182945) (-0.3003908167705085,0.70331633639483615) (3.1856965472803402,3.1052227529239826) (0.10203041944001989,-2.5863778338201766) (0.34455887884360203,1.595437411621518) (1.5014614265206887,0.50023258472131116) (0.53255429302272772,0.4667490542272042) (1.4515872100662719,-2.5054414584910547) (-2.0682414398582001,1.1822513748547339) (-0.85858786452977731,0.62388345299212256) (0.32203127333940595,2.481705605000629) (0.86100855724484537,2.1157215933923501) (1.9084481762840917,-1.0865413615413873) (-0.33618582951892073,4.1853017791128577) (1.0157136555630253,-2.1058806520151498) (2.467724450345842,2.6792846988411405) (-0.36326520099108039,1.8660967335584173) (3.2011131912265531,-2.228185486306443) (-1.432221005953668,0.023085357229142789) (-0.14616010612190061,4.0898088411289031) (2.5925103068966284,0.27999114928947005) (1.4378119191057204,-1.0695625294294575) (-1.1835240655525439,2.334517088556602) (2.8429382952915243,1.6119762074607957) (0.72940203202160525,-1.8617443961159865) (-3.6323091663919769,1.4892446955217511) (4.0819439138886882,5.7191545617259338) (-0.13842963350570381,0.35926288625464275) (4.534140550025719,2.9188230609153374) (2.3801554471270423,-3.0851005110446015) (0.52445994467016277,2.9980956780816119) (0.25567579883855274,-1.131678405632077) (-0.40278560415646925,-2.2219106489016163) (-2.4515765080902154,5.0626464754392906) (0.76193143003971786,4.6506215839364922) (-5.3910121684255117,4.4128811941341066) (9.3194888469259034,5.4729508238291578) (2.4204001913361619,10.069830686941511) (-10.458536245411876,18.464969417661862)


