# Created by fft_test 0.1 Thu Dec 13 16:38:32 2018 MSK <job.aermakov@gmail.com>
# name: Z012_2
# type: complex matrix
# rows: 1
# columns: 8
(28.000000,1.000000) (-3.292893,10.363961) (-3.000000,4.000000) (-3.292893,0.949747) (-4.000000,-1.000000) (-4.707107,-2.363961) (-5.000000,-4.000000) (-4.707107,-8.949747) 