# Created by Octave 4.4.1, Thu Dec 06 14:13:47 2018 MSK <anton@WorkBoy.risde.ru>
# name: Z012
# type: complex matrix
# rows: 1
# columns: 8
 (28,1) (-3.2928932188134525,10.363961030678928) (-3,4) (-3.2928932188134525,0.94974746830583301) (-4,-1) (-4.7071067811865479,-2.363961030678928) (-5,-4) (-4.7071067811865479,-8.9497474683058318)


