# Created by dft_test 0.1 Wed Nov 28 17:43:45 2018 MSK <job.aermakov@gmail.com>
# name: Z1
# type: complex matrix
# rows: 1
# columns: 56
(61.964813,0.000000) (-10.458536,-18.464975) (2.420400,-10.069831) (9.319491,-5.472953) (-5.391013,-4.412881) (0.761932,-4.650621) (-2.451576,-5.062645) (-0.402786,2.221911) (0.255676,1.131678) (0.524461,-2.998096) (2.380155,3.085101) (4.534141,-2.918823) (-0.138430,-0.359263) (4.081943,-5.719154) (-3.632310,-1.489244) (0.729402,1.861743) (2.842939,-1.611976) (-1.183525,-2.334517) (1.437812,1.069563) (2.592510,-0.279992) (-0.146160,-4.089809) (-1.432220,-0.023086) (3.201113,2.228185) (-0.363265,-1.866097) (2.467724,-2.679284) (1.015714,2.105881) (-0.336186,-4.185300) (1.908448,1.086541) (0.861009,-2.115721) (0.322032,-2.481706) (-0.858588,-0.623883) (-2.068242,-1.182251) (1.451587,2.505442) (0.532554,-0.466749) (1.501462,-0.500232) (0.344559,-1.595437) (0.102030,2.586378) (3.185698,-3.105222) (-0.300391,-0.703317) (-0.857148,-1.437763) (0.577277,-0.033798) (-0.722395,0.971252) (0.593364,-0.476805) (3.251007,1.205024) (-0.626394,-2.002485) (1.579358,-0.619898) (1.081965,-1.372402) (-0.998932,-1.038483) (-0.254923,-0.224682) (1.187371,-0.822296) (0.318472,-0.588272) (-2.457026,-1.346977) (0.850579,0.387879) (-0.424146,0.884179) (-0.879002,-0.107311) (1.388628,1.156955) 